153.492
137.075
121.149
105.436
 89.713
 73.789
 57.486
254.216
213.303
190.831
171.762
154.340
137.830
121.817
106.015
 90.203
 74.191
 57.796
255.594
214.463
191.869
172.696
155.179
138.580
122.477
106.588
 90.689
 74.588
 58.104
256.959
215.612
192.900
173.625
156.014
139.324
123.134
107.158
 91.172
 74.983
 58.409
258.315
216.754
193.921
174.545
156.842
140.062
123.785
107.722
 91.650
 75.374
 58.712
259.660
217.886
194.937
175.459
157.662
140.795
124.431
108.283
 92.125
 75.763
 59.012
260.996
219.011
195.943
176.367
158.477
141.521
125.072
108.839
 92.596
 76.147
 59.310
262.320
220.127
196.943
177.266
159.285
142.242
125.708
109.390
 93.063
 76.529
 59.605
263.634
221.234
197.936
178.160
160.088
142.959
126.339
109.938
 93.527
 76.909
 59.899
264.941
222.334
198.920
179.047
160.885
143.669
126.966
110.482
 93.987
 77.285
 60.189
266.236
223.424
199.898
179.928
161.676
144.375
127.588
111.021
 94.443
 77.658
 60.478
267.524
224.509
200.868
180.803
162.461
145.075
128.205
111.556
 94.897
 78.028
 60.764
268.801
225.584
201.833
181.670
163.242
145.770
128.818
112.088
 95.347
 78.396
 61.048
270.071
226.653
202.791
182.533
164.015
146.461
129.427
112.616
 95.794
 78.761
 61.330
271.332
227.715
203.741
183.388
164.784
147.147
130.032
113.139
 96.236
 79.123
 61.610
272.583
228.768
204.686
184.239
165.548
147.827
130.631
113.659
 96.677
 79.483
 61.887
273.827
229.816
205.624
185.084
166.306
148.503
131.227
114.176
 97.114
 79.840
 62.163
275.060
230.855
206.555
185.921
167.060
149.175
131.820
114.689
 97.548
 80.194
 62.437
276.288
231.888
207.481
186.755
167.808
149.842
132.407
115.198
 97.978
 80.546
 62.709
277.505
232.915
208.399
187.583
168.551
150.504
132.991
115.704
 98.407
 80.895
 62.978
278.717
233.934
209.313
188.406
169.289
151.163
133.571
116.206
 98.832
 81.242
 63.246
279.921
234.947
210.221
189.222
170.023
151.817
134.147
116.706
 99.254
 81.587
 63.512
281.115
235.954
211.122
190.034
170.752
152.465
134.719
117.201
 99.673
 81.929
 63.776
282.303
236.954
212.018
190.841
171.476
153.111
135.287
117.693
100.089
 82.268
 64.038
 37.544
 31.666
 28.430
 25.684
 23.176
 20.801
 18.499
 16.226
 13.948
 11.634
  9.251
 52.415
 44.138
 39.590
 35.735
 32.219
 28.893
 25.673
 22.499
 19.323
 16.101
 12.791
 63.443
 53.386
 47.864
 43.186
 38.922
 34.891
 30.990
 27.147
 23.305
 19.411
 15.413
 72.534
 61.010
 54.684
 49.328
 44.447
 39.834
 35.372
 30.978
 26.587
 22.139
 17.574
 80.408
 67.611
 60.591
 54.647
 49.231
 44.116
 39.167
 34.297
 29.430
 24.501
 19.446
 87.429
 73.499
 65.858
 59.390
 53.499
 47.934
 42.552
 37.256
 31.965
 26.609
 21.116
 93.811
 78.850
 70.647
 63.703
 57.379
 51.406
 45.630
 39.947
 34.271
 28.525
 22.634
 99.690
 83.781
 75.059
 67.677
 60.954
 54.605
 48.467
 42.428
 36.396
 30.291
 24.033
105.163
 88.372
 79.166
 71.377
 64.283
 57.584
 51.109
 44.737
 38.375
 31.936
 25.336
110.297
 92.678
 83.021
 74.849
 67.408
 60.381
 53.588
 46.905
 40.232
 33.479
 26.559
115.145
 96.746
 86.661
 78.128
 70.358
 63.022
 55.930
 48.953
 41.986
 34.937
 27.714
119.745
100.605
 90.116
 81.240
 73.159
 65.529
 58.153
 50.897
 43.652
 36.322
 28.811
124.129
104.284
 93.409
 84.208
 75.830
 67.919
 60.273
 52.751
 45.241
 37.641
 29.856
128.323
107.804
 96.559
 87.046
 78.385
 70.206
 62.302
 54.525
 46.760
 38.905
 30.856
132.348
111.181
 99.583
 89.772
 80.838
 72.402
 64.249
 56.228
 48.219
 40.117
 31.817
136.219
114.431
102.493
 92.394
 83.198
 74.516
 66.123
 57.867
 49.624
 41.284
 32.741
139.952
117.566
105.301
 94.923
 85.475
 76.555
 67.931
 59.448
 50.979
 42.410
 33.632
143.560
120.595
108.014
 97.369
 87.677
 78.526
 69.679
 60.977
 52.288
 43.499
 34.494
147.053
123.529
110.640
 99.737
 89.808
 80.435
 71.373
 62.458
 53.557
 44.553
 35.329
150.441
126.374
113.188
102.033
 91.877
 82.286
 73.015
 63.894
 54.788
 45.575
 36.138
153.732
129.137
115.664
104.265
 93.887
 84.085
 74.612
 65.290
 55.984
 46.569
 36.925
156.931
131.826
118.072
106.436
 95.841
 85.836
 76.164
 66.648
 57.147
 47.535
 37.690
160.046
134.443
120.417
108.551
 97.745
 87.541
 77.676
 67.970
 58.280
 48.476
 38.435
163.083
136.996
122.704
110.612
 99.602
 89.203
 79.151
 69.260
 59.385
 49.394
 39.161
166.047
139.487
124.935
112.624
101.413
 90.826
 80.591
 70.520
 60.463
 50.290
 39.870
168.942
141.919
127.115
114.590
103.184
 92.412
 81.998
 71.750
 61.517
 51.165
 40.562
171.772
144.297
129.247
116.512
104.915
 93.963
 83.373
 72.953
 62.548
 52.021
 41.240
174.540
146.625
131.333
118.393
106.610
 95.480
 84.720
 74.130
 63.556
 52.858
 41.902
177.252
148.905
133.375
120.235
108.269
 96.967
 86.038
 75.283
 64.543
 53.678
 42.551
179.907
151.138
135.377
122.042
109.896
 98.423
 87.330
 76.413
 65.512
 54.482
 43.187
182.511
153.328
137.339
123.811
111.491
 99.852
 88.597
 77.522
 66.461
 55.270
 43.810
185.066
155.476
139.266
125.549
113.055
101.254
 89.841
 78.609
 67.392
 56.043
 44.422
187.573
157.586
141.157
127.255
114.592
102.630
 91.063
 79.677
 68.306
 56.802
 45.022
190.038
159.659
143.015
128.931
116.102
103.983
 92.262
 80.726
 69.204
 57.548
 45.611
192.457
161.694
144.839
130.578
117.586
105.312
 93.441
 81.757
 70.087
 58.281
 46.191
194.837
163.696
146.635
132.197
119.045
106.619
 94.600
 82.771
 70.955
 59.001
 46.760
197.176
165.665
148.401
133.790
120.480
107.905
 95.741
 83.767
 71.809
 59.709
 47.320
199.479
167.603
150.138
135.358
121.893
109.170
 96.863
 84.749
 72.649
 60.407
 47.871
201.745
169.510
151.849
136.902
123.283
110.416
 97.969
 85.715
 73.476
 61.093
 48.413
203.977
171.390
153.535
138.421
124.654
111.644
 99.058
 86.667
 74.291
 61.769
 48.948
206.176
173.241
155.194
139.920
126.004
112.852
100.130
 87.605
 75.094
 62.435
 49.474
208.342
175.064
156.831
141.397
127.334
114.044
101.187
 88.528
 75.884
 63.091
 49.992
210.480
176.864
158.443
142.852
128.646
115.219
102.229
 89.440
 76.664
 63.738
 50.503
212.585
178.636
160.035
144.288
129.940
116.378
103.257
 90.338
 77.433
 64.375
 51.006
214.662
180.387
161.603
145.705
131.216
117.522
104.272
 91.225
 78.192
 65.005
 51.503
216.713
182.114
163.152
147.103
132.476
118.650
105.272
 92.100
 78.940
 65.625
 51.994
218.736
183.817
164.682
148.483
133.718
119.764
106.260
 92.963
 79.679
 66.238
 52.477
220.734
185.500
166.191
149.844
134.946
120.864
107.235
 93.816
 80.408
 66.842
 52.954
222.707
187.162
167.682
151.189
136.158
121.950
108.199
 94.657
 81.128
 67.440
 53.426
224.654
188.803
169.155
152.519
137.357
123.023
109.151
 95.489
 81.840
 68.029
 53.891
226.579
190.425
170.610
153.832
138.541
124.083
110.091
 96.311
 82.542
 68.611
 54.350
228.481
192.028
172.048
155.130
139.710
125.130
111.020
 97.122
 83.237
 69.187
 54.805
230.361
193.612
173.469
156.414
140.866
126.166
111.938
 97.925
 83.923
 69.756
 55.253
232.220
195.178
174.875
157.682
142.009
127.191
112.846
 98.718
 84.601
 70.318
 55.697
234.056
196.727
176.264
158.937
143.140
128.203
113.744
 99.503
 85.272
 70.874
 56.135
235.873
198.259
177.639
160.177
144.258
129.204
114.632
100.278
 85.935
 71.423
 56.569
237.671
199.774
178.998
161.405
145.365
130.196
115.510
101.045
 86.592
 71.967
 56.997
239.449
201.273
180.343
162.619
146.459
131.176
116.380
101.805
 87.241
 72.504
 57.421
241.209
202.756
181.675
163.822
147.542
132.146
117.240
102.556
 87.883
 73.036
 57.840
242.950
204.224
182.994
165.011
148.615
133.106
118.092
103.300
 88.518
 73.562
 58.255
244.674
205.678
184.298
166.189
149.676
134.057
118.934
104.035
 89.147
 74.083
 58.665
246.383
207.118
185.589
167.356
150.726
134.997
119.768
104.764
 89.770
 74.598
 59.072
248.073
208.543
186.868
168.510
151.767
135.930
120.594
105.485
 90.386
 75.109
 59.473
249.746
209.954
188.136
169.653
152.797
136.852
121.412
106.200
 90.997
 75.614
 59.872
251.403
211.351
189.390
170.787
153.818
137.767
122.223
106.907
 91.601
 76.114
 60.266
253.045
212.737
190.633
171.908
154.830
138.672
123.025
107.608
 92.200
 76.610
 60.656
254.671
214.109
191.865
173.020
155.831
139.570
123.820
108.302
 92.793
 77.100
 61.042
256.285
215.468
193.085
174.122
156.824
140.458
124.608
108.990
 93.380
 77.587
 61.425
257.881
216.817
194.296
175.214
157.808
141.340
125.389
109.671
 93.962
 78.068
 61.804
259.464
218.152
195.494
176.297
158.784
142.212
126.162
110.346
 94.539
 78.545
 62.180
261.035
219.475
196.682
177.369
159.750
143.078
126.929
111.015
 95.110
 79.018
 62.552
262.590
220.788
197.861
178.433
160.709
143.936
127.690
111.679
 95.677
 79.486
 62.920
264.131
222.089
199.029
179.487
161.658
144.787
128.443
112.337
 96.238
 79.951
 63.286
265.662
223.381
200.188
180.534
162.601
145.630
129.191
112.989
 96.795
 80.411
 63.648
267.178
224.660
201.336
181.570
163.535
146.467
129.931
113.635
 97.347
 80.867
 64.007
268.682
225.928
202.476
182.600
164.462
147.296
130.667
114.277
 97.894
 81.320
 64.363
270.175
227.188
203.606
183.619
165.381
148.119
131.395
114.912
 98.437
 81.769
 64.715
271.654
228.436
204.728
184.632
166.293
148.936
132.118
115.543
 98.976
 82.213
 65.065
273.124
229.676
205.839
185.635
167.198
149.745
132.836
116.168
 99.509
 82.654
 65.412
274.579
230.905
206.944
186.632
168.095
150.549
133.547
116.789
100.039
 83.092
 65.756
276.024
232.126
208.038
187.620
168.986
151.345
134.253
117.405
100.564
 83.526
 66.097
277.460
233.335
209.126
188.602
169.869
152.137
134.954
118.015
101.085
 83.956
 66.436
278.882
234.538
210.205
189.576
170.747
152.922
135.648
118.621
101.602
 84.383
 66.771
280.296
235.730
211.275
190.542
171.618
153.700
136.338
119.223
102.115
 84.807
 67.104
281.698
236.914
212.339
191.502
172.481
154.474
137.023
119.820
102.624
 85.227
 67.434
283.091
238.090
213.393
192.453
173.339
155.242
137.702
120.412
103.129
 85.644
 67.762
284.472
239.256
214.441
193.399
174.191
156.003
138.377
121.000
103.631
 86.059
 68.087
285.846
240.415
215.480
194.339
175.036
156.760
139.047
121.584
104.128
 86.469
 68.410
287.207
241.565
216.513
195.270
175.876
157.511
139.711
122.163
104.622
 86.877
 68.730
288.561
242.708
217.540
196.196
176.710
158.256
140.371
122.738
105.112
 87.282
 69.048
289.904
243.843
218.557
197.116
177.537
158.997
141.027
123.310
105.599
 87.683
 69.363
291.239
244.968
219.569
198.028
178.359
159.733
141.678
123.877
106.083
 88.082
 69.676
292.566
246.088
220.574
198.935
179.176
160.462
142.323
124.439
106.562
 88.478
 69.986
293.881
247.199
221.571
199.836
179.986
161.188
142.965
124.999
107.039
 88.871
 70.295
295.190
248.303
222.563
200.729
180.792
161.908
143.603
125.554
107.512
 89.261
 70.601
296.488
249.401
223.548
201.618
181.592
162.624
144.237
126.106
107.982
 89.649
 70.905
297.779
250.490
224.525
202.502
182.386
163.334
144.865
126.653
108.448
 90.034
 71.207
299.063
251.573
225.498
203.378
183.176
164.041
145.490
127.197
108.911
 90.416
 71.506
300.336
252.650
226.464
204.250
183.961
164.743
146.110
127.738
109.372
 90.795
 71.804
301.603
253.717
227.423
205.116
184.741
165.440
146.727
128.275
109.829
 91.172
 72.100
